# unix_time, cycles_done, cur_path, paths_total, pending_total, pending_favs, map_size, unique_crashes, unique_hangs, max_depth, execs_per_sec
1609664036, 0, 0, 6, 6, 6, 0.13%, 0, 0, 1, 1142.86
1609664041, 0, 0, 35, 35, 6, 0.16%, 0, 0, 2, 1343.24
1609664047, 0, 0, 36, 36, 6, 0.17%, 0, 0, 2, 1283.18
1609664052, 0, 0, 38, 38, 6, 0.17%, 0, 0, 2, 1358.85
1609664062, 0, 1, 39, 38, 18, 0.17%, 0, 0, 2, 1379.48
1609664067, 0, 3, 40, 37, 16, 0.17%, 0, 0, 2, 1345.16
1609664072, 0, 9, 40, 33, 12, 0.17%, 0, 0, 2, 1378.62
1609664077, 0, 12, 41, 31, 9, 0.17%, 0, 0, 3, 1387.71
1609664082, 0, 14, 41, 30, 8, 0.17%, 0, 0, 3, 1259.93
1609664087, 0, 15, 42, 30, 7, 0.17%, 0, 0, 3, 1187.94
1609664102, 0, 17, 42, 28, 5, 0.17%, 0, 0, 3, 1296.07
1609664107, 0, 31, 43, 27, 3, 0.17%, 0, 0, 3, 1250.18
1609664112, 1, 1, 43, 24, 0, 0.17%, 0, 0, 3, 1232.76
1609664117, 1, 17, 43, 23, 0, 0.17%, 0, 0, 3, 1260.14
1609664122, 1, 18, 43, 23, 0, 0.17%, 0, 0, 3, 1062.13
1609664133, 1, 20, 43, 22, 0, 0.17%, 0, 0, 3, 1093.94
1609664143, 1, 20, 44, 23, 0, 0.17%, 0, 0, 3, 1151.60
1609664148, 1, 21, 45, 23, 0, 0.17%, 0, 0, 3, 1131.10
1609664168, 1, 27, 45, 21, 0, 0.17%, 0, 0, 3, 1262.39
1609664183, 1, 27, 46, 22, 0, 0.17%, 0, 0, 3, 1150.83
1609664188, 1, 37, 46, 20, 0, 0.17%, 0, 0, 3, 1262.36
1609664193, 1, 37, 47, 21, 0, 0.17%, 0, 0, 3, 1208.67
1609664204, 1, 37, 49, 23, 0, 0.17%, 0, 0, 3, 1217.85
1609664209, 1, 39, 52, 25, 0, 0.18%, 0, 0, 3, 1331.62
1609664214, 1, 39, 54, 27, 0, 0.20%, 0, 0, 3, 1372.96
1609664219, 1, 39, 56, 29, 0, 0.20%, 0, 0, 3, 1394.38
1609664234, 1, 49, 61, 33, 2, 0.24%, 0, 0, 4, 1121.02
1609664239, 1, 49, 64, 36, 2, 0.24%, 0, 0, 4, 1217.16
1609664249, 1, 49, 65, 37, 2, 0.25%, 0, 0, 4, 1246.05
1609664254, 1, 53, 67, 38, 8, 0.30%, 0, 0, 4, 1221.53
1609664259, 1, 53, 70, 41, 8, 0.31%, 0, 0, 4, 1104.01
1609664264, 1, 53, 71, 42, 8, 0.31%, 0, 0, 4, 1234.56
1609664270, 1, 53, 72, 43, 8, 0.31%, 0, 0, 4, 1250.50
1609664280, 1, 56, 72, 42, 10, 0.31%, 0, 0, 4, 1071.39
1609664285, 1, 56, 74, 44, 10, 0.31%, 0, 0, 5, 1211.08
1609664295, 1, 56, 75, 45, 10, 0.31%, 0, 0, 5, 1269.94
1609664300, 1, 57, 75, 44, 9, 0.31%, 0, 0, 5, 1247.71
1609664305, 1, 57, 77, 46, 9, 0.31%, 0, 0, 5, 1107.70
1609664310, 1, 57, 80, 49, 9, 0.36%, 0, 0, 5, 1217.15
1609664315, 1, 57, 81, 50, 9, 0.36%, 0, 0, 5, 1246.92
1609664320, 1, 57, 83, 52, 9, 0.36%, 0, 0, 5, 1257.94
1609664325, 1, 58, 85, 53, 12, 0.37%, 0, 0, 5, 1082.47
1609664330, 1, 58, 90, 58, 12, 0.37%, 0, 0, 5, 1201.29
1609664335, 1, 58, 93, 61, 12, 0.37%, 0, 0, 5, 1253.90
1609664340, 1, 58, 94, 62, 12, 0.37%, 0, 0, 5, 1262.26
1609664346, 1, 58, 95, 63, 12, 0.38%, 0, 0, 5, 1274.62
1609664351, 1, 59, 96, 63, 14, 0.38%, 0, 0, 5, 1115.80
1609664356, 1, 59, 98, 65, 14, 0.38%, 0, 0, 5, 1253.91
1609664371, 1, 60, 100, 66, 13, 0.38%, 0, 0, 5, 1065.43
1609664376, 1, 60, 107, 73, 13, 0.38%, 0, 0, 5, 1204.57
1609664386, 1, 60, 108, 74, 13, 0.38%, 0, 0, 5, 1277.51
1609664391, 1, 60, 109, 75, 13, 0.38%, 0, 0, 5, 1268.30
1609664401, 1, 66, 109, 74, 13, 0.38%, 0, 0, 5, 1038.35
1609664406, 1, 66, 110, 75, 13, 0.38%, 0, 0, 5, 1191.90
1609664411, 1, 66, 111, 76, 13, 0.38%, 0, 0, 5, 1235.11
1609664416, 1, 66, 112, 77, 13, 0.38%, 0, 0, 5, 1260.45
1609664421, 1, 67, 113, 77, 12, 0.38%, 0, 0, 5, 1234.98
1609664432, 1, 67, 117, 81, 12, 0.42%, 0, 0, 5, 965.75
1609664437, 1, 67, 121, 85, 12, 0.42%, 0, 0, 5, 1072.66
1609664442, 1, 67, 122, 86, 12, 0.43%, 0, 0, 5, 1086.20
1609664447, 1, 67, 124, 88, 12, 0.43%, 0, 0, 5, 1098.81
1609664457, 1, 68, 124, 87, 14, 0.43%, 0, 0, 5, 864.28
1609664462, 1, 68, 125, 88, 14, 0.43%, 0, 0, 5, 941.66
1609664472, 1, 75, 125, 87, 13, 0.43%, 0, 0, 5, 1048.85
1609664482, 1, 77, 126, 87, 12, 0.43%, 0, 0, 6, 872.01
1609664492, 1, 77, 132, 93, 12, 0.47%, 0, 0, 6, 985.97
1609664502, 1, 77, 136, 97, 12, 0.47%, 0, 0, 6, 1028.19
1609664507, 1, 77, 137, 98, 12, 0.47%, 0, 0, 6, 1053.60
1609664517, 1, 77, 138, 99, 12, 0.47%, 0, 0, 6, 1059.84
1609664522, 1, 78, 138, 98, 16, 0.47%, 0, 0, 6, 877.51
1609664533, 1, 79, 138, 97, 15, 0.47%, 0, 0, 6, 947.49
1609664543, 1, 81, 138, 96, 15, 0.47%, 0, 0, 6, 999.82
1609664548, 1, 81, 139, 97, 15, 0.48%, 0, 0, 6, 747.40
1609664558, 1, 81, 144, 102, 15, 0.50%, 0, 0, 6, 1051.13
1609664568, 1, 81, 146, 104, 15, 0.50%, 0, 0, 6, 1090.87
1609664573, 1, 81, 147, 105, 15, 0.50%, 0, 0, 6, 1087.56
1609664578, 1, 84, 148, 105, 14, 0.50%, 0, 0, 6, 1300.52
1609664583, 1, 90, 148, 104, 13, 0.50%, 0, 0, 6, 1067.48
1609664588, 1, 90, 149, 105, 13, 0.50%, 0, 0, 6, 1065.38
1609664593, 1, 90, 151, 107, 13, 0.50%, 0, 0, 6, 1145.14
1609664598, 1, 90, 152, 108, 13, 0.50%, 0, 0, 6, 1158.35
1609664609, 1, 94, 152, 107, 12, 0.50%, 0, 0, 6, 1065.72
1609664624, 1, 94, 153, 108, 12, 0.50%, 0, 0, 6, 1108.22
1609664629, 1, 106, 153, 107, 11, 0.50%, 0, 0, 6, 904.67
1609664634, 1, 106, 154, 108, 11, 0.50%, 0, 0, 6, 855.47
1609664639, 1, 106, 161, 115, 11, 0.52%, 0, 0, 6, 955.53
1609664644, 1, 106, 164, 118, 11, 0.52%, 0, 0, 6, 992.58
1609664649, 1, 106, 166, 120, 11, 0.52%, 0, 0, 6, 988.55
1609664654, 1, 106, 170, 124, 11, 0.53%, 0, 0, 6, 1002.30
1609664659, 1, 106, 172, 126, 11, 0.53%, 0, 0, 6, 984.26
1609664664, 1, 106, 173, 127, 11, 0.54%, 0, 0, 6, 1001.84
1609664669, 1, 112, 173, 126, 10, 0.54%, 0, 0, 6, 820.38
1609664680, 1, 112, 175, 128, 10, 0.54%, 0, 0, 6, 953.09
1609664685, 1, 112, 176, 129, 10, 0.54%, 0, 0, 6, 998.22
1609664690, 1, 112, 177, 130, 10, 0.54%, 0, 0, 6, 998.74
1609664700, 1, 112, 179, 132, 10, 0.55%, 0, 0, 6, 1007.35
1609664710, 1, 113, 179, 131, 11, 0.55%, 0, 0, 6, 776.62
1609664725, 1, 113, 186, 138, 11, 0.58%, 0, 0, 6, 822.96
1609664731, 1, 113, 188, 140, 11, 0.58%, 0, 0, 6, 886.81
1609664736, 1, 113, 191, 143, 11, 0.58%, 0, 0, 6, 918.12
1609664741, 1, 113, 194, 146, 11, 0.59%, 0, 0, 6, 906.45
1609664746, 1, 113, 195, 147, 11, 0.59%, 0, 0, 6, 915.72
1609664751, 1, 122, 196, 147, 15, 0.59%, 0, 0, 6, 825.80
1609664766, 1, 138, 196, 146, 14, 0.59%, 0, 0, 6, 731.05
1609664776, 1, 138, 197, 147, 14, 0.59%, 0, 0, 7, 1085.25
1609664781, 1, 138, 199, 149, 14, 0.61%, 0, 0, 7, 452.62
1609664787, 1, 138, 203, 153, 14, 0.63%, 0, 0, 7, 945.09
1609664792, 1, 138, 206, 156, 14, 0.63%, 0, 0, 7, 1097.89
1609664797, 1, 145, 209, 158, 14, 0.66%, 0, 0, 7, 959.97
1609664817, 1, 145, 211, 160, 14, 0.66%, 0, 0, 7, 1065.39
1609664822, 1, 145, 212, 161, 14, 0.66%, 0, 0, 7, 1074.76
1609664832, 1, 145, 213, 162, 14, 0.66%, 0, 0, 7, 887.44
1609664838, 1, 167, 214, 162, 16, 0.67%, 0, 0, 7, 738.34
1609664843, 1, 167, 215, 163, 16, 0.67%, 0, 0, 7, 684.26
1609664848, 1, 167, 216, 164, 16, 0.67%, 0, 0, 7, 672.09
1609664868, 1, 167, 224, 172, 16, 0.67%, 0, 0, 7, 753.79
1609664873, 1, 167, 234, 182, 16, 0.67%, 0, 0, 7, 698.95
1609664878, 1, 167, 242, 190, 16, 0.67%, 0, 0, 7, 837.19
1609664883, 1, 167, 245, 193, 16, 0.67%, 0, 0, 7, 895.86
1609664888, 1, 167, 246, 194, 16, 0.67%, 0, 0, 7, 910.93
1609664893, 1, 167, 250, 198, 16, 0.67%, 0, 0, 7, 905.70
1609664899, 1, 167, 251, 199, 16, 0.67%, 0, 0, 7, 910.23
1609664904, 1, 167, 252, 200, 16, 0.67%, 0, 0, 7, 902.00
1609664909, 1, 169, 252, 199, 20, 0.67%, 0, 0, 7, 822.69
1609664929, 1, 176, 252, 198, 19, 0.67%, 0, 0, 7, 825.51
1609664949, 1, 176, 257, 203, 19, 0.67%, 0, 0, 7, 842.91
1609664954, 1, 176, 258, 204, 19, 0.68%, 0, 0, 7, 957.81
1609664960, 1, 176, 259, 205, 19, 0.68%, 0, 0, 7, 997.12
1609664965, 1, 176, 261, 207, 19, 0.69%, 0, 0, 7, 296.86
1609664970, 1, 176, 262, 208, 19, 0.69%, 0, 0, 7, 828.92
1609664975, 1, 178, 263, 208, 21, 0.69%, 0, 0, 7, 883.92
1609665000, 1, 178, 264, 209, 21, 0.69%, 0, 0, 7, 791.59
1609665011, 1, 178, 265, 210, 21, 0.69%, 0, 0, 7, 522.21
1609665031, 1, 179, 266, 210, 20, 0.69%, 0, 0, 7, 721.20
1609665062, 1, 179, 271, 215, 20, 0.69%, 0, 0, 7, 733.22
1609665067, 1, 179, 278, 222, 20, 0.69%, 0, 0, 7, 875.75
1609665077, 1, 179, 280, 224, 20, 0.69%, 0, 0, 7, 922.55
1609665092, 1, 179, 282, 226, 20, 0.71%, 0, 0, 7, 928.67
1609665097, 1, 180, 283, 226, 22, 0.71%, 0, 0, 7, 785.18
1609665118, 1, 180, 284, 227, 22, 0.71%, 0, 0, 7, 837.00
1609665123, 1, 180, 285, 228, 22, 0.71%, 0, 0, 7, 959.24
1609665138, 1, 180, 286, 229, 22, 0.71%, 0, 0, 7, 984.06
1609665143, 1, 185, 286, 228, 21, 0.71%, 0, 0, 7, 832.63
1609665163, 1, 193, 286, 227, 20, 0.71%, 0, 0, 7, 759.01
1609665199, 1, 197, 286, 226, 19, 0.71%, 0, 0, 7, 638.15
1609665254, 1, 197, 293, 233, 19, 0.72%, 0, 0, 8, 717.53
1609665259, 1, 197, 295, 235, 19, 0.76%, 0, 0, 8, 781.61
1609665264, 1, 197, 298, 238, 19, 0.76%, 0, 0, 8, 777.53
1609665269, 1, 197, 300, 240, 19, 0.76%, 0, 0, 8, 793.90
1609665274, 1, 197, 304, 244, 19, 0.78%, 0, 0, 8, 778.18
1609665280, 1, 197, 305, 245, 19, 0.78%, 0, 0, 8, 789.08
1609665285, 1, 203, 305, 244, 17, 0.78%, 0, 0, 8, 630.28
1609665320, 1, 209, 305, 243, 16, 0.78%, 0, 0, 8, 720.90
1609665356, 1, 212, 305, 242, 15, 0.78%, 0, 0, 8, 648.07
1609665361, 1, 212, 306, 243, 15, 0.78%, 0, 0, 8, 531.72
1609665416, 1, 212, 309, 246, 15, 0.78%, 0, 0, 8, 637.59
1609665437, 1, 212, 310, 247, 15, 0.78%, 0, 0, 8, 755.75
1609665442, 1, 215, 310, 246, 14, 0.78%, 0, 0, 8, 631.32
1609665482, 1, 215, 311, 247, 14, 0.78%, 0, 0, 8, 727.35
1609665497, 1, 255, 311, 246, 13, 0.78%, 0, 0, 8, 705.32
1609665523, 1, 256, 311, 245, 12, 0.78%, 0, 0, 8, 744.25
1609665574, 1, 256, 316, 250, 12, 0.79%, 0, 0, 8, 724.45
1609665589, 1, 256, 317, 251, 12, 0.79%, 0, 0, 8, 772.53
1609665599, 1, 256, 318, 252, 12, 0.79%, 0, 0, 8, 789.31
1609665604, 1, 257, 318, 251, 12, 0.79%, 0, 0, 8, 641.94
1609665650, 1, 257, 320, 253, 12, 0.79%, 0, 0, 8, 744.96
1609665655, 1, 257, 321, 254, 12, 0.79%, 0, 0, 8, 778.40
1609665660, 1, 257, 322, 255, 12, 0.79%, 0, 0, 8, 789.47
1609665665, 1, 257, 323, 256, 12, 0.80%, 0, 0, 8, 784.84
1609665675, 1, 257, 324, 257, 12, 0.80%, 0, 0, 8, 775.99
1609665680, 1, 273, 324, 256, 14, 0.80%, 0, 0, 8, 604.59
1609665726, 1, 273, 325, 257, 14, 0.80%, 0, 0, 8, 603.45
1609665731, 1, 273, 326, 258, 14, 0.80%, 0, 0, 8, 718.19
1609665741, 1, 273, 327, 259, 14, 0.80%, 0, 0, 8, 745.42
1609665746, 1, 273, 328, 260, 14, 0.80%, 0, 0, 8, 731.98
1609665756, 1, 273, 329, 261, 14, 0.80%, 0, 0, 8, 743.95
1609665761, 1, 274, 329, 260, 14, 0.80%, 0, 0, 8, 574.27
1609665843, 1, 274, 330, 261, 14, 0.80%, 0, 0, 8, 522.50
1609665848, 1, 274, 332, 263, 14, 0.80%, 0, 0, 8, 637.93
1609665878, 1, 274, 333, 264, 14, 0.80%, 0, 0, 8, 669.67
1609665883, 1, 280, 333, 263, 13, 0.80%, 0, 0, 8, 516.76
1609665960, 1, 284, 333, 262, 12, 0.80%, 0, 0, 8, 628.96
1609666001, 1, 284, 338, 267, 12, 0.80%, 0, 0, 8, 721.50
1609666011, 1, 284, 339, 268, 12, 0.80%, 0, 0, 8, 847.29
1609666016, 1, 284, 340, 269, 12, 0.80%, 0, 0, 8, 861.64
1609666026, 1, 287, 341, 269, 12, 0.80%, 0, 0, 8, 775.71
1609666062, 1, 287, 342, 270, 12, 0.80%, 0, 0, 9, 445.46
1609666112, 1, 287, 346, 274, 12, 0.80%, 0, 0, 9, 627.46
1609666117, 1, 287, 350, 278, 12, 0.80%, 0, 0, 9, 742.33
1609666122, 1, 287, 352, 280, 12, 0.80%, 0, 0, 9, 773.31
1609666127, 1, 287, 356, 284, 12, 0.80%, 0, 0, 9, 774.76
1609666132, 1, 287, 358, 286, 12, 0.81%, 0, 0, 9, 774.28
1609666137, 1, 290, 358, 285, 13, 0.81%, 0, 0, 9, 583.00
1609666239, 1, 290, 361, 288, 13, 0.81%, 0, 0, 9, 666.59
1609666244, 1, 290, 363, 290, 13, 0.81%, 0, 0, 9, 724.03
1609666249, 1, 290, 365, 292, 13, 0.81%, 0, 0, 9, 739.18
1609666254, 1, 290, 367, 294, 13, 0.81%, 0, 0, 9, 735.72
1609666269, 1, 290, 368, 295, 13, 0.81%, 0, 0, 9, 748.19
1609666274, 1, 293, 368, 294, 11, 0.81%, 0, 0, 9, 604.97
1609666279, 1, 293, 369, 295, 11, 0.81%, 0, 0, 9, 510.88
1609666376, 1, 319, 369, 294, 10, 0.81%, 0, 0, 9, 672.62
1609666427, 1, 320, 369, 293, 9, 0.81%, 0, 0, 9, 824.16
1609666497, 1, 331, 369, 292, 8, 0.81%, 0, 0, 9, 591.11
1609666503, 1, 331, 370, 293, 8, 0.81%, 0, 0, 9, 521.27
1609666589, 1, 331, 372, 295, 8, 0.81%, 0, 0, 9, 653.97
1609666594, 1, 331, 376, 299, 8, 0.81%, 0, 0, 9, 783.49
1609666599, 1, 331, 380, 303, 8, 0.81%, 0, 0, 9, 799.56
1609666609, 1, 338, 380, 302, 10, 0.81%, 0, 0, 9, 813.43
1609666614, 1, 338, 381, 303, 10, 0.81%, 0, 0, 9, 611.26
1609666691, 1, 338, 385, 307, 10, 0.83%, 0, 0, 9, 737.89
1609666696, 1, 338, 387, 309, 10, 0.83%, 0, 0, 9, 814.13
1609666701, 1, 338, 391, 313, 10, 0.83%, 0, 0, 9, 834.70
1609666706, 1, 338, 395, 317, 10, 0.83%, 0, 0, 9, 839.22
1609666711, 1, 340, 396, 317, 12, 0.83%, 0, 0, 9, 776.54
1609666752, 1, 353, 396, 316, 11, 0.83%, 0, 0, 9, 700.48
1609666803, 1, 353, 399, 319, 11, 0.83%, 0, 0, 10, 457.34
1609666885, 1, 353, 400, 320, 11, 0.86%, 0, 0, 10, 537.61
1609666890, 1, 353, 406, 326, 11, 0.87%, 0, 0, 10, 652.40
1609666895, 1, 353, 407, 327, 11, 0.87%, 0, 0, 10, 688.33
1609666905, 1, 353, 409, 329, 11, 0.87%, 0, 0, 10, 605.76
1609666910, 1, 353, 411, 331, 11, 0.87%, 0, 0, 10, 664.93
1609666915, 1, 353, 413, 333, 11, 0.87%, 0, 0, 10, 684.40
1609666920, 1, 353, 414, 334, 11, 0.87%, 0, 0, 10, 681.78
1609666925, 1, 354, 416, 335, 13, 0.87%, 0, 0, 10, 636.90
1609667032, 1, 354, 421, 340, 13, 0.87%, 0, 0, 10, 669.80
1609667037, 1, 354, 422, 341, 13, 0.87%, 0, 0, 10, 730.90
1609667042, 1, 354, 425, 344, 13, 0.87%, 0, 0, 10, 751.43
1609667047, 1, 354, 427, 346, 13, 0.87%, 0, 0, 10, 747.73
1609667057, 1, 354, 429, 348, 13, 0.87%, 0, 0, 10, 680.13
1609667067, 1, 362, 430, 348, 14, 0.87%, 0, 0, 10, 605.35
1609667244, 1, 362, 432, 350, 14, 0.87%, 0, 0, 10, 606.86
1609667254, 1, 362, 434, 352, 14, 0.87%, 0, 0, 10, 649.60
1609667259, 1, 362, 435, 353, 14, 0.87%, 0, 0, 10, 653.20
1609667264, 1, 362, 438, 356, 14, 0.87%, 0, 0, 10, 641.70
1609667284, 1, 368, 438, 355, 14, 0.87%, 0, 0, 10, 539.15
1609667295, 1, 368, 439, 356, 14, 0.87%, 0, 0, 10, 495.14
1609667376, 1, 368, 440, 357, 14, 0.87%, 0, 0, 10, 637.39
1609667391, 1, 368, 441, 358, 14, 0.87%, 0, 0, 10, 751.39
1609667401, 1, 379, 441, 357, 13, 0.87%, 0, 0, 10, 634.93
1609667478, 1, 381, 441, 356, 12, 0.87%, 0, 0, 10, 550.73
1609667609, 1, 381, 442, 357, 12, 0.87%, 0, 0, 10, 522.46
1609667614, 1, 381, 445, 360, 12, 0.87%, 0, 0, 10, 665.88
1609667624, 1, 381, 446, 361, 12, 0.87%, 0, 0, 10, 695.21
1609667634, 1, 383, 446, 360, 11, 0.87%, 0, 0, 10, 700.75
1609667644, 1, 383, 447, 361, 11, 0.87%, 0, 0, 10, 404.21
1609667821, 1, 383, 448, 362, 11, 0.87%, 0, 0, 10, 526.62
1609667841, 1, 384, 448, 361, 11, 0.87%, 0, 0, 10, 559.32
1609667973, 1, 384, 450, 363, 11, 0.87%, 0, 0, 10, 550.01
1609667983, 1, 384, 451, 364, 11, 0.89%, 0, 0, 10, 695.44
1609667998, 1, 387, 451, 363, 12, 0.89%, 0, 0, 10, 597.58
1609668095, 1, 398, 451, 362, 11, 0.89%, 0, 0, 10, 608.41
1609668236, 1, 398, 452, 363, 11, 0.89%, 0, 0, 11, 536.36
1609668247, 1, 398, 453, 364, 11, 0.89%, 0, 0, 11, 685.26
1609668262, 1, 399, 455, 365, 10, 0.89%, 0, 0, 11, 629.31
1609668267, 1, 399, 458, 368, 10, 0.89%, 0, 0, 11, 398.32
1609668272, 1, 399, 462, 372, 10, 0.94%, 0, 0, 11, 339.34
1609668277, 1, 399, 464, 374, 10, 0.94%, 0, 0, 11, 336.00
1609668333, 1, 399, 465, 375, 10, 0.94%, 0, 0, 11, 346.66
1609668368, 1, 399, 466, 376, 10, 0.94%, 0, 0, 11, 329.16
1609668393, 1, 399, 467, 377, 10, 0.94%, 0, 0, 11, 304.92
1609668566, 1, 399, 473, 383, 10, 0.95%, 0, 0, 11, 416.15
1609668571, 1, 399, 480, 390, 10, 0.95%, 0, 0, 11, 519.72
1609668576, 1, 399, 483, 393, 10, 0.95%, 0, 0, 11, 263.53
1609668581, 1, 399, 485, 395, 10, 0.95%, 0, 0, 11, 459.95
1609668591, 1, 399, 487, 397, 10, 0.95%, 0, 0, 11, 525.61
1609668596, 1, 399, 488, 398, 10, 0.95%, 0, 0, 11, 510.05
1609668606, 1, 399, 490, 400, 10, 0.95%, 0, 0, 11, 493.15
1609668617, 1, 403, 491, 400, 11, 0.95%, 0, 0, 11, 590.71
