# unix_time, cycles_done, cur_path, paths_total, pending_total, pending_favs, map_size, unique_crashes, unique_hangs, max_depth, execs_per_sec
1609631087, 0, 0, 6, 6, 6, 0.12%, 0, 0, 1, 4000.00
1609631092, 0, 0, 36, 36, 6, 0.14%, 0, 0, 2, 5754.70
1609631097, 0, 27, 37, 23, 3, 0.14%, 0, 0, 2, 6145.28
1609631102, 0, 33, 51, 36, 11, 0.17%, 0, 0, 3, 6076.28
1609631107, 0, 39, 70, 52, 15, 0.27%, 0, 0, 4, 6064.40
1609631112, 0, 43, 81, 60, 17, 0.29%, 0, 0, 4, 6023.08
1609631117, 0, 46, 89, 67, 16, 0.29%, 0, 0, 4, 5942.90
1609631122, 0, 52, 95, 70, 15, 0.29%, 0, 0, 5, 6159.97
1609631127, 0, 55, 109, 82, 14, 0.32%, 0, 0, 5, 6233.60
1609631133, 0, 61, 113, 81, 14, 0.32%, 0, 0, 5, 6217.56
1609631138, 0, 66, 124, 91, 14, 0.38%, 0, 0, 5, 5965.87
1609631143, 0, 66, 147, 114, 14, 0.42%, 0, 0, 5, 5877.31
1609631148, 0, 82, 149, 112, 18, 0.42%, 0, 0, 5, 5331.27
1609631153, 0, 95, 154, 116, 17, 0.42%, 0, 0, 6, 5280.46
1609631158, 0, 103, 169, 128, 14, 0.45%, 0, 0, 6, 5972.36
1609631163, 0, 113, 177, 134, 17, 0.47%, 0, 0, 6, 5945.06
1609631168, 0, 119, 183, 139, 22, 0.47%, 0, 0, 6, 5965.64
1609631173, 0, 120, 186, 141, 23, 0.48%, 0, 0, 6, 5549.30
1609631178, 0, 121, 189, 143, 24, 0.48%, 0, 0, 6, 5232.53
1609631183, 0, 121, 196, 150, 24, 0.50%, 0, 0, 6, 4871.41
1609631188, 0, 137, 203, 156, 23, 0.50%, 0, 0, 6, 5519.83
1609631193, 0, 140, 210, 162, 20, 0.51%, 0, 0, 6, 5791.61
1609631198, 0, 145, 215, 166, 22, 0.51%, 0, 0, 6, 5624.00
1609631204, 0, 155, 217, 167, 23, 0.51%, 0, 0, 6, 5685.19
1609631209, 0, 157, 224, 172, 21, 0.51%, 0, 0, 7, 5483.62
1609631214, 0, 163, 230, 175, 19, 0.52%, 0, 0, 7, 5087.68
1609631219, 0, 163, 240, 185, 19, 0.53%, 0, 0, 7, 5708.72
1609631224, 0, 170, 241, 184, 19, 0.53%, 0, 0, 7, 5855.90
1609631229, 0, 175, 244, 185, 18, 0.53%, 0, 0, 7, 5851.77
1609631234, 0, 176, 258, 198, 17, 0.54%, 0, 0, 7, 5759.58
1609631239, 0, 183, 261, 199, 16, 0.54%, 0, 0, 7, 5744.30
1609631244, 0, 184, 264, 201, 15, 0.54%, 0, 0, 7, 4911.96
1609631249, 0, 189, 266, 201, 13, 0.54%, 0, 0, 7, 5674.91
1609631254, 0, 200, 272, 206, 12, 0.54%, 0, 0, 7, 5735.48
1609631259, 0, 204, 275, 208, 12, 0.54%, 0, 0, 7, 5442.63
1609631264, 0, 208, 279, 211, 11, 0.54%, 0, 0, 7, 5189.59
1609631269, 0, 225, 283, 213, 9, 0.54%, 0, 0, 8, 5624.59
1609631275, 0, 240, 284, 212, 8, 0.54%, 0, 0, 8, 5577.11
1609631280, 0, 250, 291, 218, 7, 0.55%, 0, 0, 8, 5432.97
1609631285, 0, 250, 310, 237, 7, 0.57%, 0, 0, 8, 5026.41
1609631290, 0, 271, 313, 238, 9, 0.57%, 0, 0, 8, 5480.74
1609631295, 0, 271, 316, 241, 9, 0.57%, 0, 0, 8, 5801.16
1609631300, 0, 283, 317, 240, 7, 0.57%, 0, 0, 8, 5293.31
1609631305, 0, 288, 318, 240, 6, 0.57%, 0, 0, 9, 5205.15
1609631310, 0, 298, 321, 242, 5, 0.58%, 0, 0, 9, 5401.79
1609631315, 0, 298, 330, 251, 5, 0.60%, 0, 0, 9, 5467.72
1609631320, 0, 299, 338, 258, 6, 0.60%, 0, 0, 9, 5423.62
1609631325, 0, 319, 341, 260, 6, 0.61%, 0, 0, 10, 4804.65
1609631330, 0, 319, 346, 265, 6, 0.62%, 0, 0, 10, 5072.93
1609631335, 0, 322, 359, 277, 8, 0.64%, 0, 0, 10, 5229.69
1609631340, 0, 322, 367, 285, 8, 0.65%, 0, 0, 10, 5238.60
1609631345, 0, 336, 371, 288, 13, 0.65%, 0, 0, 10, 5473.81
1609631350, 0, 339, 371, 287, 12, 0.65%, 0, 0, 10, 4759.86
1609631356, 0, 339, 373, 289, 12, 0.65%, 0, 0, 11, 5306.29
1609631361, 0, 341, 375, 290, 12, 0.65%, 0, 0, 11, 5419.22
1609631366, 0, 342, 375, 289, 12, 0.65%, 0, 0, 11, 5345.49
1609631371, 0, 348, 376, 289, 11, 0.65%, 0, 0, 11, 4829.31
1609631376, 0, 348, 378, 291, 11, 0.66%, 0, 0, 11, 5241.29
1609631381, 0, 351, 379, 291, 12, 0.66%, 0, 0, 11, 5177.45
1609631386, 0, 351, 385, 297, 12, 0.66%, 0, 0, 11, 5115.97
1609631391, 0, 361, 391, 302, 12, 0.66%, 0, 0, 11, 4630.76
1609631396, 0, 361, 398, 309, 12, 0.66%, 0, 0, 11, 5092.42
1609631401, 0, 362, 401, 311, 12, 0.66%, 0, 0, 11, 5034.85
1609631406, 0, 366, 401, 310, 11, 0.66%, 0, 0, 11, 4493.91
1609631411, 0, 366, 403, 312, 11, 0.66%, 0, 0, 11, 4939.43
1609631416, 0, 370, 403, 311, 12, 0.66%, 0, 0, 11, 5078.49
1609631421, 0, 371, 403, 310, 11, 0.66%, 0, 0, 11, 5177.84
1609631426, 0, 371, 404, 311, 11, 0.66%, 0, 0, 12, 4426.19
1609631431, 0, 374, 408, 314, 10, 0.66%, 0, 0, 12, 5130.68
1609631437, 0, 376, 408, 313, 9, 0.66%, 0, 0, 12, 5224.63
1609631442, 0, 377, 408, 312, 8, 0.66%, 0, 0, 12, 5421.61
1609631447, 0, 379, 409, 312, 7, 0.66%, 0, 0, 12, 4971.65
1609631452, 0, 379, 410, 313, 7, 0.66%, 0, 0, 12, 4928.03
1609631457, 0, 401, 415, 317, 8, 0.67%, 0, 0, 12, 5308.08
1609631467, 0, 401, 420, 322, 8, 0.67%, 0, 0, 12, 4664.30
1609631472, 0, 402, 421, 322, 9, 0.67%, 0, 0, 12, 4628.05
1609631477, 0, 402, 422, 323, 9, 0.67%, 0, 0, 12, 5058.58
1609631482, 0, 410, 425, 325, 8, 0.67%, 0, 0, 12, 5101.60
1609631487, 0, 410, 427, 327, 8, 0.67%, 0, 0, 13, 5181.38
1609631492, 0, 411, 429, 328, 7, 0.67%, 0, 0, 13, 5176.20
1609631497, 0, 412, 429, 327, 6, 0.67%, 0, 0, 13, 4590.37
1609631502, 0, 412, 430, 328, 6, 0.67%, 0, 0, 13, 4977.55
1609631507, 0, 414, 433, 330, 5, 0.67%, 0, 0, 13, 5160.79
1609631518, 0, 415, 433, 329, 4, 0.67%, 0, 0, 13, 4610.55
1609631528, 1, 174, 433, 326, 1, 0.67%, 0, 0, 13, 5654.25
1609631533, 1, 363, 433, 324, 1, 0.67%, 0, 0, 13, 5505.83
1609631543, 1, 364, 434, 324, 1, 0.67%, 0, 0, 13, 4779.77
1609631548, 1, 365, 434, 323, 0, 0.67%, 0, 0, 13, 5153.65
1609631553, 1, 371, 434, 322, 0, 0.67%, 0, 0, 13, 5267.75
1609631558, 1, 380, 436, 323, 0, 0.67%, 0, 0, 13, 5404.90
1609631568, 1, 383, 438, 324, 0, 0.67%, 0, 0, 13, 4469.52
1609631573, 1, 385, 440, 325, 0, 0.67%, 0, 0, 13, 5087.85
1609631583, 1, 398, 440, 324, 0, 0.67%, 0, 0, 13, 5074.60
1609631588, 1, 398, 441, 325, 0, 0.67%, 0, 0, 13, 4642.13
1609631593, 1, 398, 445, 329, 0, 0.69%, 0, 0, 13, 4888.51
1609631598, 1, 418, 445, 328, 1, 0.69%, 0, 0, 13, 5152.71
1609631603, 1, 439, 447, 329, 1, 0.69%, 0, 0, 13, 5015.39
1609631614, 1, 444, 450, 331, 1, 0.70%, 0, 0, 13, 4306.05
1609631619, 1, 444, 451, 332, 1, 0.70%, 0, 0, 13, 4167.95
1609631624, 1, 444, 456, 337, 1, 0.71%, 0, 0, 13, 4243.19
1609631629, 1, 452, 458, 338, 1, 0.71%, 0, 0, 13, 4243.74
1609631634, 1, 452, 459, 339, 1, 0.71%, 0, 0, 14, 4089.07
1609631639, 1, 452, 461, 341, 1, 0.71%, 0, 0, 14, 4073.74
1609631644, 1, 456, 462, 341, 0, 0.71%, 0, 0, 14, 4127.17
1609631649, 1, 456, 463, 342, 0, 0.71%, 0, 0, 14, 4044.77
1609631654, 1, 456, 465, 344, 0, 0.71%, 0, 0, 14, 4116.28
1609631659, 2, 32, 468, 345, 0, 0.71%, 0, 0, 14, 4477.55
1609631664, 2, 50, 468, 341, 0, 0.71%, 0, 0, 14, 4759.26
1609631669, 2, 70, 468, 337, 0, 0.71%, 0, 0, 14, 4865.58
1609631674, 2, 79, 469, 335, 0, 0.71%, 0, 0, 14, 4830.40
1609631679, 2, 88, 470, 333, 0, 0.71%, 0, 0, 14, 4904.59
1609631685, 2, 92, 470, 330, 0, 0.71%, 0, 0, 14, 4954.17
1609631690, 2, 92, 476, 336, 0, 0.71%, 0, 0, 14, 4837.48
1609631695, 2, 99, 479, 338, 0, 0.71%, 0, 0, 14, 4791.41
1609631700, 2, 108, 483, 341, 0, 0.71%, 0, 0, 14, 4823.61
1609631705, 2, 136, 483, 339, 0, 0.71%, 0, 0, 14, 4964.42
1609631710, 2, 138, 486, 341, 0, 0.71%, 0, 0, 14, 5387.80
1609631715, 2, 150, 486, 339, 0, 0.71%, 0, 0, 14, 5683.42
1609631720, 2, 190, 488, 339, 0, 0.71%, 0, 0, 14, 5660.87
1609631725, 2, 194, 488, 337, 0, 0.71%, 0, 0, 14, 5801.27
1609631730, 2, 198, 488, 336, 0, 0.71%, 0, 0, 14, 5744.00
1609631735, 2, 198, 494, 342, 0, 0.72%, 0, 0, 14, 5644.47
1609631740, 2, 293, 497, 344, 3, 0.72%, 0, 0, 14, 5413.97
1609631745, 2, 293, 509, 356, 3, 0.72%, 0, 0, 14, 4654.33
1609631750, 2, 331, 512, 358, 3, 0.72%, 0, 0, 14, 4834.68
1609631755, 2, 345, 524, 369, 3, 0.72%, 0, 0, 14, 5090.69
1609631761, 2, 345, 525, 370, 3, 0.72%, 0, 0, 14, 5226.59
1609631766, 2, 449, 537, 381, 3, 0.72%, 0, 0, 14, 5189.17
1609631776, 2, 449, 543, 387, 3, 0.77%, 0, 0, 14, 4614.54
1609631781, 2, 475, 544, 387, 6, 0.77%, 0, 0, 14, 4681.23
1609631796, 2, 491, 550, 392, 6, 0.77%, 0, 0, 14, 4954.01
1609631801, 2, 491, 551, 393, 6, 0.78%, 0, 0, 14, 4982.70
1609631806, 2, 491, 552, 394, 6, 0.78%, 0, 0, 14, 4463.36
1609631816, 2, 491, 565, 407, 6, 0.78%, 0, 0, 14, 4903.96
1609631821, 2, 512, 577, 418, 6, 0.78%, 0, 0, 14, 4482.74
1609631836, 2, 512, 582, 423, 6, 0.78%, 0, 0, 14, 3768.63
1609631841, 2, 512, 599, 440, 6, 0.78%, 0, 0, 14, 4431.50
1609631847, 2, 521, 599, 439, 6, 0.78%, 0, 0, 14, 3879.55
1609631882, 2, 521, 604, 444, 6, 0.78%, 0, 0, 14, 3777.07
1609631887, 2, 536, 606, 445, 6, 0.78%, 0, 0, 14, 4609.84
1609631897, 2, 541, 606, 444, 5, 0.78%, 0, 0, 14, 4730.80
1609631917, 2, 541, 615, 453, 5, 0.82%, 0, 0, 15, 4137.97
1609631923, 2, 547, 616, 453, 4, 0.82%, 0, 0, 15, 4686.78
1609631943, 2, 548, 621, 457, 3, 0.82%, 0, 0, 15, 5007.16
1609631963, 2, 550, 621, 456, 2, 0.82%, 0, 0, 15, 4837.09
1609631968, 2, 550, 624, 459, 2, 0.82%, 0, 0, 15, 4829.13
1609631983, 2, 550, 628, 463, 2, 0.83%, 0, 0, 15, 4275.56
1609631988, 2, 574, 635, 469, 7, 0.84%, 0, 0, 15, 3819.96
1609632013, 2, 574, 636, 470, 7, 0.84%, 0, 0, 15, 3470.45
1609632018, 2, 609, 641, 474, 7, 0.84%, 0, 0, 16, 3510.90
1609632039, 2, 609, 642, 475, 7, 0.84%, 0, 0, 16, 3430.02
1609632064, 2, 609, 655, 488, 7, 0.87%, 0, 0, 16, 4208.32
1609632069, 2, 610, 657, 489, 9, 0.87%, 0, 0, 16, 3670.89
1609632120, 2, 610, 662, 494, 9, 0.87%, 0, 0, 16, 4167.42
1609632125, 2, 618, 663, 494, 9, 0.87%, 0, 0, 16, 2235.79
1609632257, 2, 618, 672, 503, 9, 0.87%, 0, 0, 16, 2602.43
1609632263, 2, 621, 674, 504, 9, 0.87%, 0, 0, 16, 3699.17
1609632283, 2, 621, 681, 511, 9, 0.87%, 0, 0, 16, 5059.23
1609632288, 2, 628, 681, 510, 9, 0.87%, 0, 0, 16, 5049.04
1609632303, 2, 629, 691, 519, 8, 0.87%, 0, 0, 16, 5059.79
1609632313, 2, 629, 692, 520, 8, 0.87%, 0, 0, 16, 4186.47
1609632318, 2, 629, 693, 521, 8, 0.87%, 0, 0, 16, 4228.77
1609632353, 2, 629, 695, 523, 8, 0.87%, 0, 0, 16, 4331.89
1609632358, 2, 630, 696, 523, 10, 0.87%, 0, 0, 16, 3913.14
1609632374, 2, 630, 697, 524, 10, 0.87%, 0, 0, 16, 4234.43
1609632404, 2, 631, 705, 531, 10, 0.88%, 0, 0, 16, 4477.96
1609632450, 2, 632, 707, 532, 9, 0.88%, 0, 0, 16, 4561.31
1609632455, 2, 632, 709, 534, 9, 0.88%, 0, 0, 16, 4204.36
1609632506, 2, 636, 709, 533, 9, 0.88%, 0, 0, 16, 3984.34
1609632552, 2, 636, 710, 534, 9, 0.88%, 0, 0, 17, 3673.27
1609632557, 2, 638, 711, 534, 8, 0.88%, 0, 0, 17, 4169.10
1609632602, 2, 638, 712, 535, 8, 0.88%, 0, 0, 17, 3796.74
1609632607, 2, 656, 713, 535, 7, 0.88%, 0, 0, 17, 3903.61
1609632618, 2, 656, 714, 536, 7, 0.88%, 0, 0, 17, 2028.15
1609632754, 2, 656, 719, 541, 7, 0.88%, 0, 0, 17, 2555.69
1609632760, 2, 673, 720, 541, 7, 0.88%, 0, 0, 17, 3840.79
1609632780, 2, 673, 722, 543, 7, 0.88%, 0, 0, 17, 4890.57
1609632785, 2, 681, 726, 546, 7, 0.88%, 0, 0, 17, 4448.53
1609632805, 2, 681, 734, 554, 7, 0.88%, 0, 0, 17, 5095.36
1609632810, 2, 691, 734, 553, 7, 0.88%, 0, 0, 17, 4381.53
1609632861, 2, 703, 737, 555, 6, 0.88%, 0, 0, 17, 4216.14
1609632963, 2, 703, 740, 558, 6, 0.88%, 0, 0, 17, 3647.04
1609632968, 2, 707, 740, 557, 5, 0.88%, 0, 0, 17, 3548.98
1609632973, 2, 707, 741, 558, 5, 0.88%, 0, 0, 17, 3992.76
1609633019, 2, 719, 741, 557, 5, 0.88%, 0, 0, 17, 3575.48
1609633024, 2, 719, 743, 559, 5, 0.88%, 0, 0, 18, 1621.81
1609633054, 2, 719, 744, 560, 5, 0.88%, 0, 0, 18, 1012.52
1609633064, 2, 719, 745, 561, 5, 0.88%, 0, 0, 18, 1001.86
1609633069, 2, 719, 746, 562, 5, 0.88%, 0, 0, 18, 982.52
1609633090, 2, 719, 747, 563, 5, 0.88%, 0, 0, 18, 1003.96
1609633323, 2, 719, 748, 564, 5, 0.88%, 0, 0, 18, 803.67
1609633632, 2, 719, 749, 565, 5, 0.88%, 0, 0, 18, 922.53
1609633637, 2, 719, 752, 568, 5, 0.88%, 0, 0, 18, 1922.38
1609633642, 2, 719, 753, 569, 5, 0.88%, 0, 0, 18, 2266.42
1609633647, 2, 721, 753, 568, 5, 0.88%, 0, 0, 18, 3028.11
1609633673, 2, 721, 754, 569, 5, 0.88%, 0, 0, 18, 4865.54
1609633678, 2, 735, 754, 568, 4, 0.88%, 0, 0, 18, 3749.49
1609633688, 2, 735, 755, 569, 4, 0.88%, 0, 0, 18, 3245.31
1609633713, 2, 735, 756, 570, 4, 0.88%, 0, 0, 18, 3442.61
1609633780, 2, 735, 760, 574, 4, 0.88%, 0, 0, 18, 3315.23
1609633785, 2, 736, 766, 579, 3, 0.88%, 0, 0, 18, 3615.68
1609633907, 2, 736, 767, 580, 3, 0.89%, 0, 0, 18, 3729.89
1609633912, 2, 740, 767, 579, 4, 0.89%, 0, 0, 18, 3998.45
1609633968, 2, 742, 768, 579, 3, 0.89%, 0, 0, 19, 1723.37
1609634583, 2, 742, 770, 581, 3, 0.89%, 0, 0, 19, 1923.50
1609634593, 2, 766, 770, 580, 2, 0.89%, 0, 0, 19, 2392.99
1609634598, 2, 766, 772, 582, 2, 0.89%, 0, 0, 19, 2273.70
1609634613, 2, 766, 773, 583, 2, 0.89%, 0, 0, 19, 1912.75
1609634618, 2, 766, 774, 584, 2, 0.89%, 0, 0, 19, 2132.59
1609634760, 2, 766, 775, 585, 2, 0.89%, 0, 0, 19, 2084.93
1609634953, 2, 766, 782, 592, 2, 0.89%, 0, 0, 19, 2855.58
1609634958, 2, 770, 784, 593, 4, 0.89%, 0, 0, 19, 2842.73
1609635313, 2, 770, 788, 597, 4, 0.89%, 0, 0, 19, 2735.79
1609635318, 2, 774, 789, 597, 3, 0.89%, 0, 0, 19, 2522.78
1609635364, 2, 774, 790, 598, 3, 0.89%, 0, 0, 19, 1876.06
1609635694, 2, 778, 791, 598, 2, 0.89%, 0, 0, 19, 1964.37
1609635699, 2, 778, 792, 599, 2, 0.89%, 0, 0, 19, 1511.10
1609635765, 2, 778, 793, 600, 2, 0.89%, 0, 0, 19, 1321.34
1609635770, 2, 778, 794, 601, 2, 0.89%, 0, 0, 19, 1284.65
1609635962, 2, 778, 795, 602, 2, 0.89%, 0, 0, 19, 1461.49
1609636054, 2, 778, 796, 603, 2, 0.89%, 0, 0, 19, 1310.76
1609636859, 2, 778, 802, 609, 2, 0.89%, 0, 0, 19, 2048.55
1609636864, 2, 790, 802, 608, 2, 0.89%, 0, 0, 19, 1710.48
1609637001, 2, 790, 803, 609, 2, 0.89%, 0, 0, 19, 1260.94
1609638020, 2, 790, 804, 610, 2, 0.89%, 0, 0, 19, 1512.57
1609638025, 2, 790, 806, 612, 2, 0.89%, 0, 0, 19, 2066.01
1609638030, 2, 802, 810, 615, 2, 0.89%, 0, 0, 19, 2034.20
1609638035, 2, 802, 811, 616, 2, 0.89%, 0, 0, 19, 1528.59
1609639167, 2, 802, 813, 618, 2, 0.89%, 0, 0, 19, 1925.59
1609639172, 2, 802, 815, 620, 2, 0.89%, 0, 0, 19, 2140.92
1609639177, 2, 810, 816, 620, 2, 0.89%, 0, 0, 19, 1676.88
1609640334, 3, 593, 816, 618, 1, 0.89%, 0, 0, 19, 3351.87
1609640461, 3, 593, 818, 620, 1, 0.89%, 0, 0, 19, 2007.71
1609640466, 3, 593, 819, 621, 1, 0.89%, 0, 0, 19, 2950.58
1609640471, 3, 660, 819, 620, 1, 0.89%, 0, 0, 19, 3173.29
1609640496, 3, 660, 822, 623, 1, 0.89%, 0, 0, 19, 3720.07
1609640501, 3, 677, 822, 622, 1, 0.89%, 0, 0, 19, 3887.09
1609640537, 3, 682, 824, 623, 0, 0.89%, 0, 0, 19, 4123.80
1609640577, 3, 686, 825, 623, 0, 0.89%, 0, 0, 19, 4567.09
1609640618, 3, 689, 829, 626, 0, 0.89%, 0, 0, 19, 4645.61
1609640648, 3, 695, 829, 625, 0, 0.89%, 0, 0, 19, 4033.10
1609640765, 3, 698, 829, 624, 0, 0.89%, 0, 0, 19, 3537.32
1609640851, 3, 705, 830, 624, 0, 0.89%, 0, 0, 19, 3949.32
1609640922, 3, 725, 831, 624, 0, 0.89%, 0, 0, 19, 4276.69
1609640942, 3, 725, 832, 625, 0, 0.89%, 0, 0, 19, 4310.17
1609640947, 3, 727, 837, 629, 0, 0.89%, 0, 0, 19, 4704.47
1609640998, 3, 733, 843, 634, 0, 0.89%, 0, 0, 19, 4601.16
1609641023, 3, 746, 847, 637, 0, 0.89%, 0, 0, 19, 598.75
1609642104, 3, 753, 847, 636, 0, 0.89%, 0, 0, 19, 1103.73
1609642352, 3, 753, 848, 637, 0, 0.89%, 0, 0, 19, 1700.34
1609642358, 3, 758, 848, 636, 0, 0.89%, 0, 0, 19, 2669.00
1609642520, 3, 759, 848, 635, 0, 0.89%, 0, 0, 19, 2785.85
1609642804, 3, 771, 848, 634, 0, 0.89%, 0, 0, 19, 2471.56
1609643179, 3, 774, 848, 633, 0, 0.89%, 0, 0, 19, 2653.48
1609643185, 3, 777, 848, 633, 0, 0.89%, 0, 0, 19, 1722.63
1609644218, 3, 779, 848, 632, 0, 0.89%, 0, 0, 19, 1676.65
1609644568, 3, 779, 849, 633, 0, 0.89%, 0, 0, 19, 1396.57
1609645431, 3, 779, 850, 634, 0, 0.89%, 0, 0, 19, 1494.22
1609645437, 3, 787, 850, 633, 0, 0.89%, 0, 0, 19, 2008.75
1609645858, 3, 787, 851, 634, 0, 0.89%, 0, 0, 19, 2305.92
1609645863, 3, 789, 853, 635, 0, 0.89%, 0, 0, 19, 2636.60
1609646244, 3, 789, 855, 637, 0, 0.89%, 0, 0, 19, 2672.27
1609646249, 3, 798, 857, 638, 0, 0.89%, 0, 0, 19, 1832.43
1609646751, 3, 798, 858, 639, 0, 0.89%, 0, 0, 19, 1086.33
1609646761, 3, 798, 859, 640, 0, 0.89%, 0, 0, 19, 1065.81
1609648583, 3, 798, 862, 643, 0, 0.89%, 0, 0, 19, 1354.36
1609648599, 3, 799, 862, 642, 0, 0.89%, 0, 0, 19, 1137.19
1609648883, 3, 799, 863, 643, 0, 0.89%, 0, 0, 19, 780.34
1609649426, 3, 799, 864, 644, 0, 0.89%, 0, 0, 19, 878.53
1609652374, 3, 799, 867, 647, 0, 0.89%, 0, 0, 19, 1160.10
1609652379, 3, 799, 868, 648, 0, 0.89%, 0, 0, 19, 1303.84
1609652389, 3, 800, 868, 647, 0, 0.89%, 0, 0, 19, 1317.44
1609653900, 3, 801, 868, 646, 0, 0.89%, 0, 0, 19, 1347.75
1609657015, 3, 802, 868, 645, 0, 0.89%, 0, 0, 19, 1468.19
1609657020, 3, 803, 868, 645, 0, 0.89%, 0, 0, 19, 944.58
1609661088, 3, 803, 869, 646, 0, 0.89%, 0, 0, 19, 1226.57
1609661093, 3, 804, 869, 645, 0, 0.89%, 0, 0, 19, 1045.15
